c PicoSAT SAT Solver Version 960
c Copyright (c) 2006 - 2014 Armin Biere JKU Linz
c gcc -Wall -Wextra -DNDEBUG -O3
c
c using 2 as default phase
c
c parsing ./random3SAT/vars-300-1.cnf
c parsed header 'p cnf 300 1275'
c initialized 300 variables
c found 1275 non trivial clauses
c
c random number generator seed 0
c 
c  seconds     variables   original    learned     agility
c         level        used      conflicts    limit          MB
c 
c s   0.0   0.0   300   0.0  1275     0     0     0   0.0   0.1 
c 
c initial reduction limit 1000 clauses
c 
c +   0.0  32.7   300  83.3  1275   100   100  1100  11.5   0.1 
c R   0.0  32.7   300  83.3  1275   101   101  1100  11.6   0.1 
c +   0.0  25.0   300  94.3  1275   221   221  1210  20.7   0.1 
c +   0.0  23.2   300  95.3  1275   367   367  1331  25.1   0.2 
c N   0.0  22.9   300  96.0  1275   403   403  1331  26.1   0.2 
c +   0.0  21.6   300  96.3  1275   543   543  1464  29.6   0.2 
c +   0.0  20.7   300  97.3  1275   755   755  1610  29.9   0.2 
c +   0.0  19.8   300  97.7  1275  1011  1011  1771  29.5   0.3 
c N   0.0  19.3   300  97.7  1275  1207  1207  1771  29.4   0.3 
c +   0.0  19.0   300  97.7  1275  1320  1320  1948  28.8   0.3 
c +   0.0  18.5   300  98.0  1275  1693  1693  2142  29.9   0.4 
c +   0.0  18.1   300  98.7  1275  2144  2144  2356  29.9   0.5 
c +   0.0  17.5   300  98.7  1275  2689  1505  2591  30.2   0.4 
c N   0.0  17.0   300  99.7  1275  3211  2027  2591  29.0   0.4 
c +   0.0  16.9   300  99.7  1275  3348  2164  2850  28.2   0.4 
c +   0.0  16.6   300  99.7  1275  4145  1531  3135  30.5   0.3 
c +   0.0  16.1   300  99.7  1275  5109  2495  3448  30.1   0.5 
c +   0.1  15.7   300  99.7  1275  6275  1931  3792  28.4   0.4 
c +   0.1  15.6   300  99.7  1275  7685  3341  4171  30.5   0.6 
c N   0.1  15.5   300  99.7  1275  8030  3686  4171  30.3   0.6 
c 
c  seconds     variables   original    learned     agility
c         level        used      conflicts    limit          MB
c 
c +   0.1  15.1   300  99.7  1275  9391  2952  4588  28.5   0.6 
c +   0.1  14.7   300  99.7  1275 11455  2716  5046  27.1   0.5 
c +   0.1  14.7   300  99.7  1275 13952  2684  5550  28.7   0.5 
c +   0.2  14.7   300  99.7  1275 16973  2925  6105  29.5   0.5 
c N   0.2  14.6   300  99.7  1275 19258  5210  6105  28.6   0.9 
c +   0.2  14.4   300  99.7  1275 20628  3517  6715  28.8   0.6 
c +   0.3  13.9   300  99.7  1275 25050  4574  7386  30.0   0.7 
c +   0.4  14.1   300  99.7  1275 30400  6223  8124  29.9   1.0 
c +   0.5  13.9   300  99.7  1275 36873  4549  8936  29.0   0.7 
c +   0.6  13.7   300  99.7  1275 44705  7906  9829  28.4   1.3 
c N   0.6  13.7   300  99.7  1275 44907  8108  9829  29.6   1.3 
c +   0.7  13.4   300  99.7  1275 54181  7538 10811  28.9   1.2 
c +   0.9  13.4   300  99.7  1275 65646  8183 11892  29.3   1.3 
c +   1.2  13.7   300  99.7  1275 79518 10143 13081  27.5   1.5 
c +   1.5  13.6   300  99.7  1275 96303  7289 14389  27.9   1.1 
c N   1.7  13.5   300  99.7  1275 102e3 13609 14389  28.5   1.9 
c +   2.0  13.3   300  99.7  1275 116e3 13200 15827  28.7   1.8 
c +   2.5  12.9   300  99.7  1275 141e3 14005 17409  28.2   1.9 
c +   3.2  12.8   300  99.7  1275 170e3  8891 19149  28.9   1.4 
c +   4.0  12.5   300  99.7  1275 206e3 16121 21063  28.9   2.3 
c s   4.5  12.3   299  99.7  1266 224e3  9796 21063  28.1   1.5 
c N   4.5  12.3   299  99.7  1266 224e3  9897 21063  28.8   1.5 
c 
c  seconds     variables   original    learned     agility
c         level        used      conflicts    limit          MB
c 
c N   4.5  12.3   299  99.7  1266 224e3 10200 21063  29.3   1.6 
c N   4.5  12.3   299  99.7  1266 225e3 11002 21063  29.5   1.7 
c N   4.5  12.4   299  99.7  1266 227e3 13006 21063  29.3   2.0 
c N   4.7  12.4   299  99.7  1266 232e3 17813 21063  29.0   2.7 
c N   4.9  12.4   299  99.7  1266 243e3 18493 21063  28.5   2.7 
c +   5.1  12.4   299  99.7  1266 250e3 14674 23169  29.1   2.1 
c N   5.6  12.4   299  99.7  1266 269e3 22033 23169  29.7   3.1 
c +   6.5  12.5   299  99.7  1266 303e3 20974 25485  29.1   3.1 
c N   7.2  12.4   299  99.7  1266 327e3 19448 25485  28.6   2.7 
c +   8.4  12.4   299  99.7  1266 366e3 20955 28033  26.6   2.8 
